==============================================================
                  1D PLASMA SIMULATION OUTPUT                 
==============================================================
computed with Project_Main_7.py

--- Simulation Parameters ---
scheme              : 0
solver              : f

--------- Particles ---------
particles number    : 1000
population A number : 500
population B number : 500
charge              : -1
mass                : 1
position dispersion : 0.1
velocity dispersion : 0.1

----- Domain Parameters -----
domain length       : 1
cell number         : 300
Permitivity         : 1.0

------ Time Parameters ------
Tmin                : 0.0
Tmax                : 10.0
dt                  : 0.001

---- Numerical Parameters ----
max relaxation steps : 50
epsilon              : 0.0001
eps                  : 0.0017
save every X step    : 100
random seed          : 0

==============================================================

  step       time     energy
   100      0.100  5.501e+02
   200      0.200  5.602e+02
   300      0.300  5.821e+02
   400      0.400  6.082e+02
   500      0.500  6.209e+02
   600      0.600  6.406e+02
   700      0.697  6.573e+02
   800      0.782  6.691e+02
   900      0.855  6.726e+02
  1000      0.930  6.749e+02
  1100      1.013  6.849e+02
  1200      1.101  6.916e+02
  1300      1.190  7.053e+02
  1400      1.273  7.109e+02
  1500      1.353  7.208e+02
  1600      1.430  7.258e+02
  1700      1.503  7.309e+02
  1800      1.577  7.408e+02
  1900      1.646  7.459e+02
  2000      1.710  7.527e+02
  2100      1.766  7.545e+02
  2200      1.821  7.607e+02
  2300      1.870  7.617e+02
  2400      1.915  7.655e+02
  2500      1.959  7.662e+02
  2600      2.001  7.695e+02
  2700      2.044  7.697e+02
  2800      2.089  7.749e+02
  2900      2.139  7.755e+02
  3000      2.193  7.799e+02
  3100      2.254  7.847e+02
  3200      2.327  7.918e+02
  3300      2.407  8.014e+02
  3400      2.497  8.191e+02
  3500      2.586  8.303e+02
  3600      2.658  8.434e+02
  3700      2.718  8.470e+02
  3800      2.770  8.516e+02
  3900      2.816  8.564e+02
  4000      2.860  8.605e+02
  4100      2.904  8.621e+02
  4200      2.951  8.652e+02
  4300      3.001  8.721e+02
  4400      3.060  8.798e+02
  4500      3.136  8.903e+02
  4600      3.217  9.100e+02
  4700      3.285  9.157e+02
  4800      3.348  9.250e+02
  4900      3.404  9.354e+02
  5000      3.454  9.373e+02
  5100      3.500  9.429e+02
  5200      3.541  9.474e+02
  5300      3.580  9.504e+02
  5400      3.619  9.518e+02
  5500      3.660  9.567e+02
  5600      3.704  9.594e+02
  5700      3.755  9.676e+02
  5800      3.811  9.719e+02
  5900      3.865  9.807e+02
  6000      3.911  9.877e+02
  6100      3.952  9.916e+02
  6200      3.991  9.936e+02
  6300      4.029  9.974e+02
  6400      4.069  1.001e+03
  6500      4.113  1.008e+03
  6600      4.162  1.011e+03
  6700      4.210  1.019e+03
  6800      4.253  1.023e+03
  6900      4.294  1.029e+03
  7000      4.336  1.032e+03
  7100      4.382  1.037e+03
  7200      4.433  1.046e+03
  7300      4.480  1.053e+03
  7400      4.522  1.057e+03
  7500      4.561  1.060e+03
  7600      4.598  1.066e+03
  7700      4.636  1.067e+03
  7800      4.677  1.074e+03
  7900      4.722  1.077e+03
  8000      4.765  1.086e+03
  8100      4.804  1.088e+03
  8200      4.841  1.092e+03
  8300      4.878  1.095e+03
  8400      4.916  1.099e+03
  8500      4.954  1.104e+03
  8600      4.995  1.106e+03
  8700      5.037  1.113e+03
  8800      5.084  1.118e+03
  8900      5.135  1.129e+03
  9000      5.181  1.133e+03
  9100      5.222  1.140e+03
  9200      5.259  1.144e+03
  9300      5.294  1.150e+03
  9400      5.331  1.152e+03
  9500      5.369  1.155e+03
  9600      5.411  1.165e+03
  9700      5.451  1.169e+03
  9800      5.488  1.173e+03
  9900      5.526  1.175e+03
 10000      5.564  1.180e+03
 10100      5.600  1.186e+03
 10200      5.638  1.186e+03
 10300      5.674  1.189e+03
 10400      5.712  1.192e+03
 10500      5.750  1.197e+03
 10600      5.791  1.202e+03
 10700      5.837  1.208e+03
 10800      5.879  1.212e+03
 10900      5.917  1.219e+03
 11000      5.952  1.224e+03
 11100      5.987  1.226e+03
 11200      6.023  1.231e+03
 11300      6.062  1.234e+03
 11400      6.101  1.241e+03
 11500      6.136  1.246e+03
 11600      6.172  1.248e+03
 11700      6.208  1.252e+03
 11800      6.247  1.256e+03
 11900      6.283  1.261e+03
 12000      6.317  1.265e+03
 12100      6.353  1.266e+03
 12200      6.389  1.272e+03
 12300      6.427  1.276e+03
 12400      6.464  1.280e+03
 12500      6.500  1.283e+03
 12600      6.536  1.284e+03
 12700      6.573  1.290e+03
 12800      6.609  1.294e+03
 12900      6.643  1.298e+03
 13000      6.679  1.303e+03
 13100      6.715  1.306e+03
 13200      6.753  1.314e+03
 13300      6.793  1.317e+03
 13400      6.836  1.325e+03
 13500      6.874  1.329e+03
 13600      6.910  1.333e+03
 13700      6.945  1.340e+03
 13800      6.980  1.341e+03
 13900      7.015  1.345e+03
 14000      7.051  1.350e+03
 14100      7.089  1.357e+03
 14200      7.131  1.366e+03
 14300      7.178  1.372e+03
 14400      7.220  1.381e+03
 14500      7.258  1.386e+03
 14600      7.292  1.392e+03
 14700      7.326  1.395e+03
 14800      7.361  1.400e+03
 14900      7.397  1.403e+03
 15000      7.433  1.408e+03
 15100      7.469  1.413e+03
 15200      7.506  1.414e+03
 15300      7.542  1.418e+03
 15400      7.576  1.426e+03
 15500      7.609  1.427e+03
 15600      7.644  1.431e+03
 15700      7.680  1.435e+03
 15800      7.716  1.439e+03
 15900      7.751  1.445e+03
 16000      7.787  1.446e+03
 16100      7.823  1.451e+03
 16200      7.857  1.454e+03
 16300      7.890  1.458e+03
 16400      7.926  1.466e+03
 16500      7.965  1.470e+03
 16600      8.002  1.474e+03
 16700      8.036  1.479e+03
 16800      8.070  1.483e+03
 16900      8.105  1.489e+03
 17000      8.140  1.491e+03
 17100      8.175  1.495e+03
 17200      8.210  1.501e+03
 17300      8.245  1.505e+03
 17400      8.283  1.513e+03
 17500      8.319  1.516e+03
 17600      8.352  1.519e+03
 17700      8.385  1.528e+03
 17800      8.419  1.532e+03
 17900      8.453  1.536e+03
 18000      8.488  1.539e+03
 18100      8.523  1.542e+03
 18200      8.559  1.551e+03
 18300      8.594  1.555e+03
 18400      8.627  1.559e+03
 18500      8.660  1.563e+03
 18600      8.694  1.566e+03
 18700      8.728  1.573e+03
 18800      8.762  1.578e+03
 18900      8.797  1.580e+03
 19000      8.832  1.585e+03
 19100      8.867  1.590e+03
 19200      8.901  1.595e+03
 19300      8.934  1.599e+03
 19400      8.969  1.601e+03
 19500      9.004  1.607e+03
 19600      9.038  1.613e+03
 19700      9.071  1.616e+03
 19800      9.106  1.621e+03
 19900      9.141  1.624e+03
 20000      9.175  1.629e+03
 20100      9.208  1.635e+03
 20200      9.243  1.638e+03
 20300      9.279  1.643e+03
 20400      9.313  1.646e+03
 20500      9.346  1.653e+03
 20600      9.380  1.660e+03
 20700      9.415  1.661e+03
 20800      9.449  1.666e+03
 20900      9.484  1.670e+03
 21000      9.517  1.676e+03
 21100      9.551  1.681e+03
 21200      9.586  1.683e+03
 21300      9.620  1.690e+03
 21400      9.653  1.693e+03
 21500      9.688  1.700e+03
 21600      9.724  1.706e+03
 21700      9.759  1.708e+03
 21800      9.793  1.714e+03
 21900      9.826  1.719e+03
 22000      9.859  1.723e+03
 22100      9.894  1.727e+03
 22200      9.929  1.729e+03
 22300      9.964  1.736e+03
 22400      9.999  1.742e+03
